start=467.066667
volume=98.000000
