start=2.202200
ab-loop-a=1.768433
