start=134.159036
volume=76.000000
