start=44.419375
pause=yes
volume=42.000000
